0 0.189316 0.750210 0.022090 0.019268
0 0.300469 0.043389 0.020879 0.018066
0 0.432778 0.057446 0.014053 0.021279
0 0.512485 0.065474 0.017666 0.019678
0 0.521323 0.097197 0.016865 0.017266
0 0.522329 0.131733 0.020479 0.025303
0 0.425552 0.103423 0.019678 0.022490
0 0.425547 0.132534 0.022891 0.019678
0 0.142935 0.710659 0.016865 0.019678
0 0.191123 0.708447 0.017676 0.017676
0 0.238906 0.706841 0.018477 0.020068
0 0.140327 0.751411 0.020479 0.016865
0 0.238306 0.750005 0.022080 0.019678
0 0.407559 0.772095 0.018477 0.018877
0 0.809717 0.705449 0.019746 0.019414
0 0.857065 0.706616 0.018740 0.019072
0 0.905591 0.705947 0.022764 0.017734
0 0.808887 0.746108 0.020078 0.016396
0 0.856235 0.748452 0.021084 0.016396
0 0.905762 0.746270 0.020410 0.017402
