0 0.475161 0.694316 0.007666 0.012305
0 0.446929 0.661895 0.008018 0.010690
0 0.436992 0.662598 0.006973 0.011159
0 0.437339 0.686999 0.008369 0.011628
0 0.191265 0.045215 0.008857 0.013164
0 0.495552 0.677702 0.006279 0.010690
0 0.475859 0.675723 0.008359 0.010924
0 0.446143 0.685951 0.007500 0.009531
0 0.989375 0.168092 0.007949 0.011992
0 0.971177 0.154284 0.009209 0.010599
0 0.926948 0.153307 0.008994 0.011432
0 0.883965 0.153451 0.009199 0.011146
0 0.918833 0.090592 0.005439 0.010039
0 0.750361 0.094225 0.009414 0.011706
0 0.586724 0.098125 0.007236 0.009635
0 0.482065 0.100742 0.007529 0.012448
0 0.355815 0.035508 0.008857 0.012786
